   3.1000000e+00
   3.0997961e+00
   3.0991824e+00
   3.0981531e+00
   3.0966978e+00
   3.0948021e+00
   3.0924473e+00
   3.0896106e+00
   3.0862645e+00
   3.0823759e+00
   3.0779075e+00
   3.0728155e+00
   3.0670492e+00
   3.0605516e+00
   3.0532588e+00
   3.0451006e+00
   3.0359975e+00
   3.0258580e+00
   3.0145878e+00
   3.0020791e+00
   2.9882095e+00
   2.9728419e+00
   2.9558249e+00
   2.9369923e+00
   2.9161633e+00
   2.8931429e+00
   2.8677197e+00
   2.8396537e+00
   2.8086757e+00
   2.7744906e+00
   2.7367776e+00
   2.6951901e+00
   2.6493558e+00
   2.5988767e+00
   2.5433288e+00
   2.4822626e+00
   2.4152039e+00
   2.3418323e+00
   2.2615651e+00
   2.1736788e+00
   2.0775577e+00
   1.9726939e+00
   1.8586875e+00
   1.7352461e+00
   1.6021855e+00
   1.4594291e+00
   1.3070082e+00
   1.1450621e+00
   9.7400991e-01
   7.9486232e-01
   6.0885668e-01
   4.1738187e-01
   2.2197827e-01
   2.4337772e-02
  -1.7369622e-01
  -3.7012877e-01
  -5.6284924e-01
  -7.5016088e-01
  -9.3079056e-01
  -1.1036690e+00
  -1.2679385e+00
  -1.4229535e+00
  -1.5682799e+00
  -1.7036954e+00
  -1.8291896e+00
  -1.9450366e+00
  -2.0517798e+00
  -2.1498618e+00
  -2.2397431e+00
  -2.3219091e+00
  -2.3968702e+00
  -2.4651612e+00
  -2.5273417e+00
  -2.5839409e+00
  -2.6353762e+00
  -2.6820393e+00
  -2.7243105e+00
  -2.7625588e+00
  -2.7971418e+00
  -2.8284056e+00
  -2.8566849e+00
  -2.8822673e+00
  -2.9053526e+00
  -2.9261339e+00
  -2.9447958e+00
  -2.9615143e+00
  -2.9764567e+00
  -2.9897819e+00
  -3.0016402e+00
  -3.0121617e+00
  -3.0214277e+00
  -3.0295155e+00
  -3.0364977e+00
  -3.0424405e+00
  -3.0474044e+00
  -3.0514436e+00
  -3.0546066e+00
  -3.0569300e+00
  -3.0584273e+00
  -3.0591090e+00
  -3.0589795e+00
  -3.0580367e+00
  -3.0562724e+00
  -3.0536717e+00
  -3.0502136e+00
  -3.0458634e+00
  -3.0405762e+00
  -3.0343001e+00
  -3.0269731e+00
  -3.0185234e+00
  -3.0088686e+00
  -2.9979167e+00
  -2.9855592e+00
  -2.9716780e+00
  -2.9561412e+00
  -2.9387984e+00
  -2.9194805e+00
  -2.8979996e+00
  -2.8741492e+00
  -2.8477039e+00
  -2.8184200e+00
  -2.7860424e+00
  -2.7502674e+00
  -2.7107499e+00
  -2.6671222e+00
  -2.6189933e+00
  -2.5659492e+00
  -2.5075529e+00
  -2.4433445e+00
  -2.3728409e+00
  -2.2955361e+00
  -2.2109827e+00
  -2.1187841e+00
  -2.0182096e+00
  -1.9086600e+00
  -1.7897003e+00
  -1.6610596e+00
  -1.5226318e+00
  -1.3744747e+00
  -1.2168108e+00
  -1.0500268e+00
  -8.7467362e-01
  -6.9161121e-01
  -5.0231236e-01
  -3.0841886e-01
  -1.1163786e-01
   8.6258151e-02
   2.8343134e-01
   4.7797851e-01
   6.6793975e-01
   8.5168228e-01
   1.0280595e+00
   1.1961355e+00
   1.3551937e+00
   1.5047366e+00
   1.6444857e+00
   1.7743818e+00
   1.8945945e+00
   2.0055247e+00
   2.1076002e+00
   2.2012676e+00
   2.2870005e+00
   2.3652986e+00
   2.4366885e+00
   2.5017234e+00
   2.5609689e+00
   2.6148872e+00
   2.6638769e+00
   2.7083256e+00
   2.7486094e+00
   2.7850935e+00
   2.8181318e+00
   2.8480670e+00
   2.8752235e+00
   2.8998364e+00
   2.9221035e+00
   2.9422177e+00
   2.9603638e+00
   2.9767189e+00
   2.9914518e+00
   3.0047234e+00
   3.0166854e+00
   3.0274468e+00
   3.0370936e+00
   3.0457107e+00
   3.0533783e+00
   3.0601718e+00
   3.0661623e+00
   3.0714159e+00
   3.0759938e+00
   3.0799374e+00
   3.0832777e+00
   3.0860435e+00
   3.0882604e+00
   3.0899503e+00
   3.0911318e+00
   3.0918199e+00
   3.0920253e+00
   3.0917472e+00
   3.0909807e+00
   3.0897170e+00
   3.0879434e+00
   3.0856425e+00
   3.0827924e+00
   3.0793672e+00
   3.0753331e+00
   3.0706499e+00
   3.0652722e+00
   3.0591470e+00
   3.0522136e+00
   3.0444035e+00
   3.0356406e+00
   3.0258412e+00
   3.0149069e+00
   3.0027329e+00
   2.9892047e+00
   2.9741915e+00
   2.9575461e+00
   2.9391046e+00
   2.9186871e+00
   2.8960969e+00
   2.8711210e+00
   2.8435310e+00
   2.8130809e+00
   2.7794766e+00
   2.7423954e+00
   2.7014898e+00
   2.6563883e+00
   2.6066946e+00
   2.5519882e+00
   2.4918240e+00
   2.4257327e+00
   2.3532204e+00
   2.2738446e+00
   2.1872235e+00
   2.0926093e+00
   1.9893598e+00
   1.8769784e+00
   1.7551142e+00
   1.6235619e+00
   1.4822618e+00
   1.3313000e+00
   1.1709082e+00
   1.0014637e+00
   8.2357131e-01
   6.3845398e-01
   4.4761248e-01
   2.5264539e-01
   5.5249090e-02
  -1.4278217e-01
  -3.3955631e-01
  -5.3308343e-01
  -7.2144358e-01
  -9.0327720e-01
  -1.0774771e+00
  -1.2431561e+00
  -1.3996486e+00
  -1.5465102e+00
  -1.6835179e+00
  -1.8106701e+00
  -1.9282330e+00
  -2.0366435e+00
  -2.1363271e+00
  -2.2277379e+00
  -2.3113592e+00
  -2.3877031e+00
  -2.4573111e+00
  -2.5207529e+00
  -2.5785620e+00
  -2.6311609e+00
  -2.6789500e+00
  -2.7223190e+00
  -2.7616464e+00
  -2.7973004e+00
  -2.8296378e+00
  -2.8590050e+00
  -2.8856972e+00
  -2.9099241e+00
  -2.9318894e+00
  -2.9517895e+00
  -2.9698128e+00
  -2.9861402e+00
  -3.0009449e+00
  -3.0143924e+00
  -3.0266280e+00
  -3.0377488e+00
  -3.0478500e+00
  -3.0570234e+00
  -3.0653570e+00
  -3.0729353e+00
  -3.0798388e+00
  -3.0861442e+00
  -3.0919199e+00
  -3.0972132e+00
  -3.1020701e+00
  -3.1065350e+00
  -3.1106510e+00
  -3.1144599e+00
  -3.1180020e+00
  -3.1213160e+00
  -3.1244375e+00
  -3.1273930e+00
  -3.1302084e+00
  -3.1329100e+00
  -3.1355239e+00
  -3.1380765e+00
  -3.1405944e+00
  -3.1431040e+00
  -3.1456316e+00
  -3.1482006e+00
  -3.1508339e+00
  -3.1535563e+00
  -3.1563945e+00
  -3.1593767e+00
  -3.1625330e+00
  -3.1658954e+00
  -3.1694978e+00
  -3.1733797e+00
  -3.1775757e+00
  -3.1821223e+00
  -3.1870618e+00
  -3.1924423e+00
  -3.1983176e+00
  -3.2047472e+00
  -3.2117964e+00
  -3.2195362e+00
  -3.2280434e+00
  -3.2374004e+00
  -3.2476962e+00
  -3.2590386e+00
  -3.2715313e+00
  -3.2852869e+00
  -3.3004359e+00
  -3.3171263e+00
  -3.3355241e+00
  -3.3558128e+00
  -3.3781939e+00
  -3.4028865e+00
  -3.4301274e+00
  -3.4601711e+00
  -3.4932899e+00
  -3.5297734e+00
  -3.5698662e+00
  -3.6139499e+00
  -3.6624974e+00
  -3.7159841e+00
  -3.7748876e+00
  -3.8396876e+00
  -3.9108664e+00
  -3.9889082e+00
  -4.0743000e+00
  -4.1675306e+00
  -4.2690914e+00
  -4.3794759e+00
  -4.4990826e+00
  -4.6282513e+00
  -4.7672217e+00
  -4.9159925e+00
  -5.0743206e+00
  -5.2417217e+00
  -5.4174702e+00
  -5.6005986e+00
  -5.7898985e+00
  -5.9839196e+00
  -6.1809705e+00
  -6.3791059e+00
  -6.5762706e+00
  -6.7705745e+00
  -6.9603228e+00
  -7.1440162e+00
  -7.3203507e+00
  -7.4882177e+00
  -7.6468119e+00
  -7.7958258e+00
  -7.9351256e+00
  -8.0647137e+00
  -8.1847287e+00
  -8.2954457e+00
  -8.3972764e+00
  -8.4907747e+00
  -8.5764830e+00
  -8.6548668e+00
  -8.7263953e+00
  -8.7915423e+00
  -8.8507861e+00
  -8.9046095e+00
  -8.9534999e+00
  -8.9979492e+00
  -9.0384506e+00
  -9.0753646e+00
  -9.1089482e+00
  -9.1394668e+00
  -9.1671800e+00
  -9.1923408e+00
  -9.2151963e+00
  -9.2359875e+00
  -9.2549489e+00
  -9.2723087e+00
  -9.2882267e+00
  -9.3028164e+00
  -9.3162054e+00
  -9.3285176e+00
  -9.3398729e+00
  -9.3503874e+00
  -9.3601737e+00
  -9.3693402e+00
  -9.3779794e+00
  -9.3861635e+00
  -9.3939654e+00
  -9.4014583e+00
  -9.4087159e+00
  -9.4158117e+00
  -9.4228199e+00
  -9.4298147e+00
  -9.4368680e+00
  -9.4440428e+00
  -9.4514042e+00
  -9.4590224e+00
  -9.4669719e+00
  -9.4753326e+00
  -9.4841889e+00
  -9.4936300e+00
  -9.5037523e+00
  -9.5146620e+00
  -9.5264537e+00
  -9.5392336e+00
  -9.5531227e+00
  -9.5682566e+00
  -9.5847860e+00
  -9.6028763e+00
  -9.6227076e+00
  -9.6444750e+00
  -9.6683884e+00
  -9.6946724e+00
  -9.7235541e+00
  -9.7552565e+00
  -9.7901098e+00
  -9.8284722e+00
  -9.8707206e+00
  -9.9172498e+00
  -9.9684729e+00
  -1.0024822e+01
  -1.0086746e+01
  -1.0154713e+01
  -1.0229210e+01
  -1.0310741e+01
  -1.0399829e+01
  -1.0496905e+01
  -1.0602392e+01
  -1.0716959e+01
  -1.0841077e+01
  -1.0975009e+01
  -1.1118807e+01
  -1.1272312e+01
  -1.1435158e+01
  -1.1606765e+01
  -1.1786345e+01
  -1.1972901e+01
  -1.2165187e+01
  -1.2361378e+01
  -1.2559483e+01
  -1.2757592e+01
  -1.2953871e+01
  -1.3146556e+01
  -1.3333956e+01
  -1.3514468e+01
  -1.3686919e+01
  -1.3850588e+01
  -1.4004944e+01
  -1.4149651e+01
  -1.4284572e+01
  -1.4409763e+01
  -1.4525479e+01
  -1.4632146e+01
  -1.4730229e+01
  -1.4820203e+01
  -1.4902554e+01
  -1.4977789e+01
  -1.5046427e+01
  -1.5109005e+01
  -1.5166072e+01
  -1.5218192e+01
  -1.5265800e+01
  -1.5309226e+01
  -1.5348795e+01
  -1.5384830e+01
  -1.5417655e+01
  -1.5447587e+01
  -1.5474946e+01
  -1.5500047e+01
  -1.5523203e+01
  -1.5544671e+01
  -1.5564565e+01
  -1.5583053e+01
  -1.5600303e+01
  -1.5616479e+01
  -1.5631745e+01
  -1.5646259e+01
  -1.5660179e+01
  -1.5673654e+01
