   0.0000000e+00
  -4.0815586e-03
  -8.2032835e-03
  -1.2406001e-02
  -1.6729871e-02
  -2.1216952e-02
  -2.5911546e-02
  -3.0860195e-02
  -3.6112494e-02
  -4.1720270e-02
  -4.7735640e-02
  -5.4216304e-02
  -6.1225804e-02
  -6.8833530e-02
  -7.7114714e-02
  -8.6150431e-02
  -9.6029440e-02
  -1.0684937e-01
  -1.1870926e-01
  -1.3172038e-01
  -1.4600704e-01
  -1.6170660e-01
  -1.7896949e-01
  -1.9795915e-01
  -2.1885211e-01
  -2.4183794e-01
  -2.6710828e-01
  -2.9488870e-01
  -3.2544444e-01
  -3.5904270e-01
  -3.9595238e-01
  -4.3644412e-01
  -4.8079027e-01
  -5.2926488e-01
  -5.8214373e-01
  -6.3970432e-01
  -7.0222369e-01
  -7.6956749e-01
  -8.4195928e-01
  -9.1977380e-01
  -1.0030322e+00
  -1.0914021e+00
  -1.1841975e+00
  -1.2803787e+00
  -1.3785526e+00
  -1.4769724e+00
  -1.5735377e+00
  -1.6658181e+00
  -1.7517798e+00
  -1.8281282e+00
  -1.8915103e+00
  -1.9393015e+00
  -1.9696052e+00
  -1.9812531e+00
  -1.9738049e+00
  -1.9475487e+00
  -1.9035307e+00
  -1.8438802e+00
  -1.7712032e+00
  -1.6880890e+00
  -1.5971081e+00
  -1.5008124e+00
  -1.4017352e+00
  -1.3023907e+00
  -1.2052748e+00
  -1.1121969e+00
  -1.0231509e+00
  -9.3865638e-01
  -8.5911797e-01
  -7.8478019e-01
  -7.1572729e-01
  -6.5188327e-01
  -5.9301320e-01
  -5.3884562e-01
  -4.8913652e-01
  -4.4361536e-01
  -4.0200641e-01
  -3.6402881e-01
  -3.2939652e-01
  -2.9781833e-01
  -2.6899789e-01
  -2.4266246e-01
  -2.1861052e-01
  -1.9664942e-01
  -1.7659183e-01
  -1.5825573e-01
  -1.4146443e-01
  -1.2604657e-01
  -1.1183612e-01
  -9.8682447e-02
  -8.6478121e-02
  -7.5118460e-02
  -6.4500066e-02
  -5.4521327e-02
  -4.5082420e-02
  -3.6085308e-02
  -2.7433741e-02
  -1.9037560e-02
  -1.0823294e-02
  -2.7167796e-03
   5.3586267e-03
   1.3481929e-02
   2.1734497e-02
   3.0200059e-02
   3.8964706e-02
   4.8114631e-02
   5.7734664e-02
   6.7915982e-02
   7.8757296e-02
   9.0364857e-02
   1.0285246e-01
   1.1634147e-01
   1.3096488e-01
   1.4685928e-01
   1.6417092e-01
   1.8306115e-01
   2.0370650e-01
   2.2629860e-01
   2.5104424e-01
   2.7816533e-01
   3.0789879e-01
   3.4046101e-01
   3.7613992e-01
   4.1526285e-01
   4.5813685e-01
   5.0504862e-01
   5.5626460e-01
   6.1203090e-01
   6.7257331e-01
   7.3809735e-01
   8.0878818e-01
   8.8464505e-01
   9.6533726e-01
   1.0509453e+00
   1.1411989e+00
   1.2354175e+00
   1.3325098e+00
   1.4309742e+00
   1.5288983e+00
   1.6239595e+00
   1.7134245e+00
   1.7941494e+00
   1.8634990e+00
   1.9189103e+00
   1.9576873e+00
   1.9780394e+00
   1.9790811e+00
   1.9608319e+00
   1.9242164e+00
   1.8710460e+00
   1.8035861e+00
   1.7246029e+00
   1.6368939e+00
   1.5431105e+00
   1.4457583e+00
   1.3471972e+00
   1.2496409e+00
   1.1550292e+00
   1.0641428e+00
   9.7756823e-01
   8.9579547e-01
   8.1915053e-01
   7.4779547e-01
   6.8172837e-01
   6.2078335e-01
   5.6466809e-01
   5.1314808e-01
   4.6596162e-01
   4.2283702e-01
   3.8349780e-01
   3.4766269e-01
   3.1504564e-01
   2.8535580e-01
   2.5830299e-01
   2.3366145e-01
   2.1124161e-01
   1.9085825e-01
   1.7233203e-01
   1.5548949e-01
   1.4016309e-01
   1.2619118e-01
   1.1341922e-01
   1.0173047e-01
   9.1030472e-02
   8.1225056e-02
   7.2223068e-02
   6.3936360e-02
   5.6279792e-02
   4.9171232e-02
   4.2532100e-02
   3.6300160e-02
   3.0422740e-02
   2.4846517e-02
   1.9518414e-02
   1.4385594e-02
   9.3954634e-03
   4.4956700e-03
  -3.6546423e-04
  -5.2335673e-03
  -1.0152620e-02
  -1.5169167e-02
  -2.0332191e-02
  -2.5693111e-02
  -3.1305788e-02
  -3.7226519e-02
  -4.3514742e-02
  -5.0229861e-02
  -5.7434830e-02
  -6.5199278e-02
  -7.3599508e-02
  -8.2718503e-02
  -9.2645920e-02
  -1.0347811e-01
  -1.1532290e-01
  -1.2829187e-01
  -1.4250456e-01
  -1.5809476e-01
  -1.7521049e-01
  -1.9401401e-01
  -2.1468185e-01
  -2.3740475e-01
  -2.6238772e-01
  -2.8984509e-01
  -3.1998480e-01
  -3.5309836e-01
  -3.8948512e-01
  -4.2943449e-01
  -4.7322594e-01
  -5.2112900e-01
  -5.7340325e-01
  -6.3029832e-01
  -6.9205390e-01
  -7.5889972e-01
  -8.3089462e-01
  -9.0776940e-01
  -9.8978108e-01
  -1.0768636e+00
  -1.1685500e+00
  -1.2639722e+00
  -1.3618612e+00
  -1.4605468e+00
  -1.5579582e+00
  -1.6516232e+00
  -1.7386688e+00
  -1.8163727e+00
  -1.8821969e+00
  -1.9330153e+00
  -1.9665293e+00
  -1.9813013e+00
  -1.9767539e+00
  -1.9531704e+00
  -1.9116943e+00
  -1.8541999e+00
  -1.7831860e+00
  -1.7014415e+00
  -1.6116617e+00
  -1.5164455e+00
  -1.4182951e+00
  -1.3196160e+00
  -1.2227171e+00
  -1.1291826e+00
  -1.0395004e+00
  -9.5429573e-01
  -8.7402314e-01
  -7.9896548e-01
  -7.2923362e-01
  -6.6476652e-01
  -6.0533376e-01
  -5.5067881e-01
  -5.0056526e-01
  -4.5472712e-01
  -4.1289259e-01
  -3.7478398e-01
  -3.4011779e-01
  -3.0860462e-01
  -2.7994925e-01
  -2.5388366e-01
  -2.3021092e-01
  -2.0874266e-01
  -1.8929680e-01
  -1.7169756e-01
  -1.5577545e-01
  -1.4136728e-01
  -1.2831618e-01
  -1.1648346e-01
  -1.0577565e-01
  -9.6102365e-02
  -8.7376756e-02
  -7.9515927e-02
  -7.2440941e-02
  -6.6076814e-02
  -6.0352519e-02
  -5.5205886e-02
  -5.0595464e-02
  -4.6482010e-02
  -4.2828295e-02
  -3.9599302e-02
  -3.6762223e-02
  -3.4286461e-02
  -3.2143632e-02
  -3.0309987e-02
  -2.8771566e-02
  -2.7515792e-02
  -2.6531720e-02
  -2.5810122e-02
  -2.5343485e-02
  -2.5126009e-02
  -2.5153609e-02
  -2.5425084e-02
  -2.5944927e-02
  -2.6719099e-02
  -2.7755844e-02
  -2.9065783e-02
  -3.0661912e-02
  -3.2559608e-02
  -3.4776621e-02
  -3.7333246e-02
  -4.0256121e-02
  -4.3572897e-02
  -4.7314665e-02
  -5.1518005e-02
  -5.6224983e-02
  -6.1483156e-02
  -6.7345568e-02
  -7.3870751e-02
  -8.1122725e-02
  -8.9171000e-02
  -9.8090572e-02
  -1.0796258e-01
  -1.1888980e-01
  -1.3097589e-01
  -1.4433187e-01
  -1.5908348e-01
  -1.7537125e-01
  -1.9335045e-01
  -2.1319114e-01
  -2.3507811e-01
  -2.5921094e-01
  -2.8580395e-01
  -3.1508624e-01
  -3.4730166e-01
  -3.8270750e-01
  -4.2142165e-01
  -4.6379978e-01
  -5.1031493e-01
  -5.6135217e-01
  -6.1720861e-01
  -6.7809342e-01
  -7.4412779e-01
  -8.1534494e-01
  -8.9169015e-01
  -9.7302073e-01
  -1.0591060e+00
  -1.1496274e+00
  -1.2441449e+00
  -1.3412852e+00
  -1.4391476e+00
  -1.5357089e+00
  -1.6288226e+00
  -1.7162197e+00
  -1.7955079e+00
  -1.8641723e+00
  -1.9195750e+00
  -1.9589550e+00
  -1.9794289e+00
  -1.9797202e+00
  -1.9608871e+00
  -1.9238331e+00
  -1.8700746e+00
  -1.8017407e+00
  -1.7215730e+00
  -1.6329260e+00
  -1.5390124e+00
  -1.4419892e+00
  -1.3440790e+00
  -1.2471529e+00
  -1.1527267e+00
  -1.0619609e+00
  -9.7566057e-01
  -8.9433370e-01
  -8.1821449e-01
  -7.4731496e-01
  -6.8159012e-01
  -6.2094000e-01
  -5.6520972e-01
  -5.1418943e-01
  -4.6761434e-01
  -4.2516470e-01
  -3.8646790e-01
  -3.5120791e-01
  -3.1915886e-01
  -2.9009450e-01
  -2.6379259e-01
  -2.4003487e-01
  -2.1860703e-01
  -1.9929878e-01
  -1.8190378e-01
  -1.6622012e-01
  -1.5210547e-01
  -1.3946205e-01
  -1.2818275e-01
  -1.1816620e-01
  -1.0931678e-01
  -1.0154458e-01
  -9.4765455e-02
  -8.8901013e-02
  -8.3892101e-02
  -7.9701652e-02
  -7.6294914e-02
  -7.3641860e-02
  -7.1717187e-02
  -7.0500317e-02
  -6.9975393e-02
  -7.0131287e-02
  -7.0967869e-02
  -7.2498462e-02
  -7.4740175e-02
  -7.7716598e-02
  -8.1457800e-02
  -8.6000334e-02
  -9.1387231e-02
  -9.7668005e-02
  -1.0490010e-01
  -1.1315672e-01
  -1.2251581e-01
  -1.3306680e-01
  -1.4491225e-01
  -1.5816784e-01
  -1.7296237e-01
  -1.8943773e-01
  -2.0774896e-01
  -2.2806420e-01
  -2.5056469e-01
  -2.7544481e-01
  -3.0288801e-01
  -3.3306482e-01
  -3.6632678e-01
  -4.0301823e-01
  -4.4345530e-01
  -4.8792598e-01
  -5.3669010e-01
  -5.8997930e-01
  -6.4799707e-01
  -7.1091873e-01
  -7.7889146e-01
  -8.5203422e-01
  -9.3043787e-01
  -1.0139287e+00
  -1.1018698e+00
  -1.1938146e+00
  -1.2889631e+00
  -1.3861374e+00
  -1.4837817e+00
  -1.5799627e+00
  -1.6723691e+00
  -1.7583120e+00
  -1.8347247e+00
  -1.8981627e+00
  -1.9451537e+00
  -1.9745356e+00
  -1.9850859e+00
  -1.9762125e+00
  -1.9482397e+00
  -1.9024081e+00
  -1.8408750e+00
  -1.7666496e+00
  -1.6824814e+00
  -1.5911713e+00
  -1.4954105e+00
  -1.3975874e+00
  -1.2997879e+00
  -1.2037955e+00
  -1.1110888e+00
  -1.0226385e+00
  -9.3890454e-01
  -8.6021019e-01
  -7.8675917e-01
  -7.1863584e-01
  -6.5580512e-01
  -5.9811248e-01
  -5.4528400e-01
  -4.9695871e-01
  -4.5286320e-01
  -4.1275790e-01
  -3.7640120e-01
  -3.4355000e-01
  -3.1395970e-01
  -2.8738421e-01
  -2.6357594e-01
  -2.4228582e-01
  -2.2326328e-01
  -2.0630264e-01
  -1.9131974e-01
  -1.7819686e-01
  -1.6682199e-01
  -1.5709141e-01
  -1.4890972e-01
  -1.4218981e-01
  -1.3685289e-01
  -1.3283418e-01
