   3.1000000e+00
   3.1000000e+00
   3.0995925e+00
   3.0987735e+00
   3.0975351e+00
   3.0958650e+00
   3.0937469e+00
   3.0911601e+00
   3.0880793e+00
   3.0844743e+00
   3.0803099e+00
   3.0755452e+00
   3.0701338e+00
   3.0640227e+00
   3.0571521e+00
   3.0494550e+00
   3.0408563e+00
   3.0312719e+00
   3.0206087e+00
   3.0087627e+00
   2.9956187e+00
   2.9810494e+00
   2.9649134e+00
   2.9470549e+00
   2.9273021e+00
   2.9054651e+00
   2.8813356e+00
   2.8546843e+00
   2.8252597e+00
   2.7927864e+00
   2.7569638e+00
   2.7174640e+00
   2.6739313e+00
   2.6259807e+00
   2.5731981e+00
   2.5151403e+00
   2.4513371e+00
   2.3812938e+00
   2.3044970e+00
   2.2204217e+00
   2.1285426e+00
   2.0283487e+00
   1.9193628e+00
   1.8011663e+00
   1.6734287e+00
   1.5359426e+00
   1.3886625e+00
   1.2317445e+00
   1.0655844e+00
   8.9084857e-01
   7.0849223e-01
   5.1975913e-01
   3.2615865e-01
   1.2941819e-01
  -6.8587035e-02
  -2.6592063e-01
  -4.6067881e-01
  -6.5108034e-01
  -8.3554261e-01
  -1.0127366e+00
  -1.1816174e+00
  -1.3414311e+00
  -1.4917014e+00
  -1.6322023e+00
  -1.7629218e+00
  -1.8840215e+00
  -1.9957980e+00
  -2.0986464e+00
  -2.1930286e+00
  -2.2794476e+00
  -2.3584260e+00
  -2.4304902e+00
  -2.4961583e+00
  -2.5559313e+00
  -2.6102872e+00
  -2.6596779e+00
  -2.7045266e+00
  -2.7452271e+00
  -2.7821441e+00
  -2.8156138e+00
  -2.8459453e+00
  -2.8734214e+00
  -2.8983009e+00
  -2.9208195e+00
  -2.9411921e+00
  -2.9596139e+00
  -2.9762621e+00
  -2.9912974e+00
  -3.0048654e+00
  -3.0170977e+00
  -3.0281130e+00
  -3.0380186e+00
  -3.0469111e+00
  -3.0548770e+00
  -3.0619941e+00
  -3.0683321e+00
  -3.0739527e+00
  -3.0789109e+00
  -3.0832553e+00
  -3.0870283e+00
  -3.0902668e+00
  -3.0930026e+00
  -3.0952623e+00
  -3.0970682e+00
  -3.0984379e+00
  -3.0993848e+00
  -3.0999182e+00
  -3.1000433e+00
  -3.0997613e+00
  -3.0990695e+00
  -3.0979611e+00
  -3.0964253e+00
  -3.0944470e+00
  -3.0920068e+00
  -3.0890808e+00
  -3.0856405e+00
  -3.0816521e+00
  -3.0770767e+00
  -3.0718695e+00
  -3.0659795e+00
  -3.0593492e+00
  -3.0519138e+00
  -3.0436008e+00
  -3.0343290e+00
  -3.0240080e+00
  -3.0125373e+00
  -2.9998054e+00
  -2.9856886e+00
  -2.9700502e+00
  -2.9527389e+00
  -2.9335878e+00
  -2.9124129e+00
  -2.8890116e+00
  -2.8631613e+00
  -2.8346175e+00
  -2.8031124e+00
  -2.7683531e+00
  -2.7300204e+00
  -2.6877672e+00
  -2.6412177e+00
  -2.5899665e+00
  -2.5335794e+00
  -2.4715942e+00
  -2.4035233e+00
  -2.3288584e+00
  -2.2470771e+00
  -2.1576526e+00
  -2.0600679e+00
  -1.9538329e+00
  -1.8385081e+00
  -1.7137324e+00
  -1.5792566e+00
  -1.4349812e+00
  -1.2809960e+00
  -1.1176194e+00
  -9.4543212e-01
  -7.6529944e-01
  -5.7837778e-01
  -3.8609879e-01
  -1.9012934e-01
   7.6921625e-03
   2.0543829e-01
   4.0118525e-01
   5.9310522e-01
   7.7954758e-01
   9.5910097e-01
   1.1306313e+00
   1.2932958e+00
   1.4465352e+00
   1.5900502e+00
   1.7237670e+00
   1.8477982e+00
   1.9624030e+00
   2.0679497e+00
   2.1648827e+00
   2.2536949e+00
   2.3349047e+00
   2.4090389e+00
   2.4766192e+00
   2.5381526e+00
   2.5941246e+00
   2.6449955e+00
   2.6911973e+00
   2.7331329e+00
   2.7711760e+00
   2.8056715e+00
   2.8369366e+00
   2.8652619e+00
   2.8909136e+00
   2.9141342e+00
   2.9351450e+00
   2.9541468e+00
   2.9713225e+00
   2.9868375e+00
   3.0008420e+00
   3.0134717e+00
   3.0248493e+00
   3.0350853e+00
   3.0442796e+00
   3.0525217e+00
   3.0598920e+00
   3.0664626e+00
   3.0722976e+00
   3.0774540e+00
   3.0819823e+00
   3.0859268e+00
   3.0893261e+00
   3.0922133e+00
   3.0946168e+00
   3.0965602e+00
   3.0980624e+00
   3.0991381e+00
   3.0997978e+00
   3.1000482e+00
   3.0998915e+00
   3.0993262e+00
   3.0983468e+00
   3.0969438e+00
   3.0951034e+00
   3.0928075e+00
   3.0900337e+00
   3.0867549e+00
   3.0829389e+00
   3.0785485e+00
   3.0735406e+00
   3.0678663e+00
   3.0614702e+00
   3.0542897e+00
   3.0462547e+00
   3.0372869e+00
   3.0272987e+00
   3.0161928e+00
   3.0038613e+00
   2.9901842e+00
   2.9750290e+00
   2.9582490e+00
   2.9396823e+00
   2.9191503e+00
   2.8964563e+00
   2.8713839e+00
   2.8436956e+00
   2.8131309e+00
   2.7794048e+00
   2.7422064e+00
   2.7011973e+00
   2.6560104e+00
   2.6062496e+00
   2.5514895e+00
   2.4912762e+00
   2.4251297e+00
   2.3525472e+00
   2.2730099e+00
   2.1859911e+00
   2.0909691e+00
   1.9874432e+00
   1.8749558e+00
   1.7531181e+00
   1.6216429e+00
   1.4803804e+00
   1.3293579e+00
   1.1688196e+00
   9.9926254e-01
   8.2146294e-01
   6.3648833e-01
   4.4568885e-01
   2.5066479e-01
   5.3209862e-02
  -1.4476628e-01
  -3.4132866e-01
  -5.3461060e-01
  -7.2289937e-01
  -9.0470485e-01
  -1.0788051e+00
  -1.2442678e+00
  -1.4004482e+00
  -1.5469705e+00
  -1.6836956e+00
  -1.8106831e+00
  -1.9281512e+00
  -2.0364384e+00
  -2.1359689e+00
  -2.2272234e+00
  -2.3107146e+00
  -2.3869683e+00
  -2.4565087e+00
  -2.5198484e+00
  -2.5774800e+00
  -2.6298719e+00
  -2.6774649e+00
  -2.7206711e+00
  -2.7598729e+00
  -2.7954241e+00
  -2.8276501e+00
  -2.8568499e+00
  -2.8832967e+00
  -2.9072402e+00
  -2.9289081e+00
  -2.9485073e+00
  -2.9662260e+00
  -2.9822349e+00
  -2.9966888e+00
  -3.0097275e+00
  -3.0214777e+00
  -3.0320536e+00
  -3.0415582e+00
  -3.0500840e+00
  -3.0577143e+00
  -3.0645236e+00
  -3.0705784e+00
  -3.0759378e+00
  -3.0806542e+00
  -3.0847738e+00
  -3.0883369e+00
  -3.0913783e+00
  -3.0939279e+00
  -3.0960105e+00
  -3.0976465e+00
  -3.0988520e+00
  -3.0996388e+00
  -3.1000146e+00
  -3.0999830e+00
  -3.0995437e+00
  -3.0986925e+00
  -3.0974210e+00
  -3.0957168e+00
  -3.0935631e+00
  -3.0909389e+00
  -3.0878186e+00
  -3.0841715e+00
  -3.0799619e+00
  -3.0751488e+00
  -3.0696850e+00
  -3.0635171e+00
  -3.0565849e+00
  -3.0488206e+00
  -3.0401484e+00
  -3.0304838e+00
  -3.0197325e+00
  -3.0077900e+00
  -2.9945401e+00
  -2.9798543e+00
  -2.9635904e+00
  -2.9455912e+00
  -2.9256835e+00
  -2.9036763e+00
  -2.8793594e+00
  -2.8525020e+00
  -2.8228508e+00
  -2.7901286e+00
  -2.7540325e+00
  -2.7142326e+00
  -2.6703710e+00
  -2.6220604e+00
  -2.5688844e+00
  -2.5103976e+00
  -2.4461278e+00
  -2.3755787e+00
  -2.2982355e+00
  -2.2135730e+00
  -2.1210662e+00
  -2.0202060e+00
  -1.9105189e+00
  -1.7915919e+00
  -1.6631029e+00
  -1.5248555e+00
  -1.3768185e+00
  -1.2191653e+00
  -1.0523118e+00
  -8.7694619e-01
  -6.9404649e-01
  -5.0487819e-01
  -3.1096963e-01
  -1.1406244e-01
   8.3960142e-02
   2.8116088e-01
   4.7564239e-01
   6.6563640e-01
   8.4957832e-01
   1.0261604e+00
   1.1943604e+00
   1.3534466e+00
   1.5029634e+00
   1.6427027e+00
   1.7726673e+00
   1.8930309e+00
   2.0040990e+00
   2.1062727e+00
   2.2000181e+00
   2.2858404e+00
   2.3642631e+00
   2.4358123e+00
   2.5010049e+00
   2.5603403e+00
   2.6142949e+00
   2.6633181e+00
   2.7078309e+00
   2.7482249e+00
   2.7848625e+00
   2.8180778e+00
   2.8481777e+00
   2.8754433e+00
   2.9001312e+00
   2.9224758e+00
   2.9426901e+00
   2.9609681e+00
   2.9774855e+00
   2.9924019e+00
   3.0058616e+00
   3.0179952e+00
   3.0289207e+00
   3.0387443e+00
   3.0475618e+00
   3.0554591e+00
   3.0625134e+00
   3.0687935e+00
   3.0743608e+00
   3.0792697e+00
   3.0835683e+00
   3.0872985e+00
   3.0904969e+00
   3.0931948e+00
   3.0954186e+00
   3.0971900e+00
   3.0985264e+00
   3.0994410e+00
   3.0999425e+00
   3.1000360e+00
   3.0997224e+00
   3.0989985e+00
   3.0978573e+00
   3.0962877e+00
   3.0942743e+00
   3.0917973e+00
   3.0888325e+00
   3.0853509e+00
   3.0813184e+00
   3.0766956e+00
   3.0714372e+00
   3.0654919e+00
   3.0588015e+00
   3.0513007e+00
   3.0429162e+00
   3.0335663e+00
   3.0231597e+00
   3.0115953e+00
   2.9987604e+00
   2.9845306e+00
   2.9687678e+00
   2.9513198e+00
   2.9320184e+00
   2.9106781e+00
   2.8870949e+00
   2.8610445e+00
   2.8322806e+00
   2.8005336e+00
   2.7655086e+00
   2.7268843e+00
   2.6843113e+00
   2.6374115e+00
   2.5857774e+00
   2.5289725e+00
   2.4665325e+00
   2.3979680e+00
   2.3227693e+00
   2.2404132e+00
   2.1503734e+00
   2.0521339e+00
   1.9452080e+00
   1.8291610e+00
   1.7036392e+00
   1.5684038e+00
   1.4233685e+00
   1.2686394e+00
   1.1045543e+00
   9.3171521e-01
   7.5101021e-01
   5.6361792e-01
   3.7098999e-01
   1.7480919e-01
  -2.3076031e-02
  -2.2073513e-01
  -4.1624854e-01
  -6.0779950e-01
  -7.9375405e-01
  -9.7272129e-01
  -1.1435896e+00
  -1.3055387e+00
  -1.4580305e+00
  -1.6007846e+00
  -1.7337430e+00
  -1.8570313e+00
  -1.9709184e+00
  -2.0757794e+00
  -2.1720637e+00
  -2.2602668e+00
  -2.3409083e+00
  -2.4145150e+00
  -2.4816078e+00
  -2.5426922e+00
  -2.5982520e+00
