   0.0000000e+00
  -4.0749049e-03
  -8.1897090e-03
  -1.2384700e-02
  -1.6700947e-02
  -2.1180698e-02
  -2.5867792e-02
  -3.0808085e-02
  -3.6049890e-02
  -4.1644443e-02
  -4.7646396e-02
  -5.4114337e-02
  -6.1111345e-02
  -6.8705582e-02
  -7.6970924e-02
  -8.5987641e-02
  -9.5843119e-02
  -1.0663263e-01
  -1.1846016e-01
  -1.3143925e-01
  -1.4569394e-01
  -1.6135969e-01
  -1.7858432e-01
  -1.9752899e-01
  -2.1836911e-01
  -2.4129517e-01
  -2.6651340e-01
  -2.9424626e-01
  -3.2473245e-01
  -3.5822652e-01
  -3.9499761e-01
  -4.3532723e-01
  -4.7950563e-01
  -5.2782623e-01
  -5.8057765e-01
  -6.3803254e-01
  -7.0043250e-01
  -7.6796803e-01
  -8.4075277e-01
  -9.1879119e-01
  -1.0019393e+00
  -1.0898587e+00
  -1.1819653e+00
  -1.2773763e+00
  -1.3748606e+00
  -1.4728011e+00
  -1.5691801e+00
  -1.6616010e+00
  -1.7473581e+00
  -1.8235634e+00
  -1.8873310e+00
  -1.9360048e+00
  -1.9674046e+00
  -1.9800522e+00
  -1.9733360e+00
  -1.9475818e+00
  -1.9040153e+00
  -1.8446228e+00
  -1.7719400e+00
  -1.6888082e+00
  -1.5981365e+00
  -1.5027031e+00
  -1.4050094e+00
  -1.3071941e+00
  -1.2109973e+00
  -1.1177655e+00
  -1.0284838e+00
  -9.4382236e-01
  -8.6418958e-01
  -7.8978403e-01
  -7.2064238e-01
  -6.5668078e-01
  -5.9772932e-01
  -5.4355975e-01
  -4.9390715e-01
  -4.4848644e-01
  -4.0700469e-01
  -3.6917000e-01
  -3.3469770e-01
  -3.0331455e-01
  -2.7476135e-01
  -2.4879444e-01
  -2.2518636e-01
  -2.0372592e-01
  -1.8421785e-01
  -1.6648220e-01
  -1.5035352e-01
  -1.3567997e-01
  -1.2232242e-01
  -1.1015340e-01
  -9.9056249e-02
  -8.8924134e-02
  -7.9659195e-02
  -7.1171705e-02
  -6.3379287e-02
  -5.6206171e-02
  -4.9582508e-02
  -4.3443722e-02
  -3.7729906e-02
  -3.2385253e-02
  -2.7357531e-02
  -2.2597578e-02
  -1.8058831e-02
  -1.3696879e-02
  -9.4690273e-03
  -5.3338875e-03
  -1.2509738e-03
   2.8196910e-03
   6.9179648e-03
   1.1083974e-02
   1.5358506e-02
   1.9783403e-02
   2.4401970e-02
   2.9259397e-02
   3.4403193e-02
   3.9883644e-02
   4.5754298e-02
   5.2072477e-02
   5.8899816e-02
   6.6302849e-02
   7.4353625e-02
   8.3130375e-02
   9.2718217e-02
   1.0320991e-01
   1.1470668e-01
   1.2731902e-01
   1.4116766e-01
   1.5638444e-01
   1.7311327e-01
   1.9151112e-01
   2.1174893e-01
   2.3401245e-01
   2.5850304e-01
   2.8543812e-01
   3.1505142e-01
   3.4759271e-01
   3.8332683e-01
   4.2253181e-01
   4.6549569e-01
   5.1251164e-01
   5.6387078e-01
   6.1985210e-01
   6.8070860e-01
   7.4664897e-01
   8.1781360e-01
   8.9424439e-01
   9.7584757e-01
   1.0623498e+00
   1.1532481e+00
   1.2477572e+00
   1.3447578e+00
   1.4427543e+00
   1.5398519e+00
   1.6337653e+00
   1.7218733e+00
   1.8013268e+00
   1.8692166e+00
   1.9227899e+00
   1.9596945e+00
   1.9782151e+00
   1.9774613e+00
   1.9574696e+00
   1.9191997e+00
   1.8644237e+00
   1.7955338e+00
   1.7153036e+00
   1.6266448e+00
   1.5323940e+00
   1.4351496e+00
   1.3371678e+00
   1.2403122e+00
   1.1460480e+00
   1.0554668e+00
   9.6933036e-01
   8.8812165e-01
   8.1209846e-01
   7.4134250e-01
   6.7580300e-01
   6.1533326e-01
   5.5972038e-01
   5.0870873e-01
   4.6201796e-01
   4.1935645e-01
   3.8043122e-01
   3.4495484e-01
   3.1265022e-01
   2.8325364e-01
   2.5651655e-01
   2.3220649e-01
   2.1010728e-01
   1.9001881e-01
   1.7175651e-01
   1.5515054e-01
   1.4004500e-01
   1.2629694e-01
   1.1377541e-01
   1.0236053e-01
   9.1942538e-02
   8.2420902e-02
   7.3703483e-02
   6.5705725e-02
   5.8349904e-02
   5.1564420e-02
   4.5283143e-02
   3.9444791e-02
   3.3992356e-02
   2.8872561e-02
   2.4035351e-02
   1.9433415e-02
   1.5021725e-02
   1.0757103e-02
   6.5978031e-03
   2.5031045e-03
  -1.5670849e-03
  -5.6526185e-03
  -9.7934989e-03
  -1.4030268e-02
  -1.8404401e-02
  -2.2958709e-02
  -2.7737758e-02
  -3.2788295e-02
  -3.8159702e-02
  -4.3904472e-02
  -5.0078710e-02
  -5.6742664e-02
  -6.3961299e-02
  -7.1804900e-02
  -8.0349723e-02
  -8.9678690e-02
  -9.9882131e-02
  -1.1105857e-01
  -1.2331557e-01
  -1.3677062e-01
  -1.5155202e-01
  -1.6779988e-01
  -1.8566707e-01
  -2.0532011e-01
  -2.2694013e-01
  -2.5072362e-01
  -2.7688302e-01
  -3.0564705e-01
  -3.3726061e-01
  -3.7198407e-01
  -4.1009165e-01
  -4.5186878e-01
  -4.9760767e-01
  -5.4760101e-01
  -6.0213278e-01
  -6.6146573e-01
  -7.2582443e-01
  -7.9537318e-01
  -8.7018778e-01
  -9.5022056e-01
  -1.0352584e+00
  -1.1248746e+00
  -1.2183763e+00
  -1.3147520e+00
  -1.4126254e+00
  -1.5102251e+00
  -1.6053826e+00
  -1.6955709e+00
  -1.7779960e+00
  -1.8497460e+00
  -1.9079948e+00
  -1.9502406e+00
  -1.9745493e+00
  -1.9797614e+00
  -1.9656238e+00
  -1.9328194e+00
  -1.8828878e+00
  -1.8180547e+00
  -1.7410029e+00
  -1.6546263e+00
  -1.5618045e+00
  -1.4652230e+00
  -1.3672508e+00
  -1.2698747e+00
  -1.1746809e+00
  -1.0828720e+00
  -9.9530575e-01
  -9.1254512e-01
  -8.3491170e-01
  -7.6253638e-01
  -6.9540491e-01
  -6.3339658e-01
  -5.7631610e-01
  -5.2391882e-01
  -4.7593035e-01
  -4.3206133e-01
  -3.9201836e-01
  -3.5551170e-01
  -3.2226067e-01
  -2.9199721e-01
  -2.6446797e-01
  -2.3943549e-01
  -2.1667860e-01
  -1.9599229e-01
  -1.7718728e-01
  -1.6008931e-01
  -1.4453827e-01
  -1.3038733e-01
  -1.1750196e-01
  -1.0575898e-01
  -9.5045610e-02
  -8.5258573e-02
  -7.6303237e-02
  -6.8092799e-02
  -6.0547508e-02
  -5.3593957e-02
  -4.7164400e-02
  -4.1196128e-02
  -3.5630879e-02
  -3.0414283e-02
  -2.5495348e-02
  -2.0825968e-02
  -1.6360461e-02
  -1.2055126e-02
  -7.8678206e-03
  -3.7575503e-03
   3.1592813e-04
   4.3925000e-03
   8.5120806e-03
   1.2715004e-02
   1.7042417e-02
   2.1536676e-02
   2.6241762e-02
   3.1203705e-02
   3.6471026e-02
   4.2095212e-02
   4.8131199e-02
   5.4637905e-02
   6.1678781e-02
   6.9322409e-02
   7.7643138e-02
   8.6721764e-02
   9.6646257e-02
   1.0751254e-01
   1.1942529e-01
   1.3249886e-01
   1.4685812e-01
   1.6263947e-01
   1.7999172e-01
   1.9907711e-01
   2.2007220e-01
   2.4316866e-01
   2.6857400e-01
   2.9651191e-01
   3.2722237e-01
   3.6096110e-01
   3.9799831e-01
   4.3861634e-01
   4.8310590e-01
   5.3176037e-01
   5.8486757e-01
   6.4269835e-01
   7.0549110e-01
   7.7343138e-01
   8.4662559e-01
   9.2506816e-01
   1.0086017e+00
   1.0968707e+00
   1.1892697e+00
   1.2848906e+00
   1.3824734e+00
   1.4803700e+00
   1.5765321e+00
   1.6685357e+00
   1.7536556e+00
   1.8289970e+00
   1.8916830e+00
   1.9390857e+00
   1.9690719e+00
   1.9802258e+00
   1.9720074e+00
   1.9448152e+00
   1.8999400e+00
   1.8394192e+00
   1.7658210e+00
   1.6820000e+00
   1.5908619e+00
   1.4951676e+00
   1.3973930e+00
   1.2996462e+00
   1.2036363e+00
   1.1106803e+00
   1.0217371e+00
   9.3745460e-01
   8.5822300e-01
   7.8422669e-01
   7.1549160e-01
   6.5192606e-01
   5.9335471e-01
   5.3954575e-01
   4.9023215e-01
   4.4512785e-01
   4.0393971e-01
   3.6637620e-01
   3.3215341e-01
   3.0099911e-01
   2.7265527e-01
   2.4687947e-01
   2.2344552e-01
   2.0214349e-01
   1.8277931e-01
   1.6517420e-01
   1.4916378e-01
   1.3459726e-01
   1.2133642e-01
   1.0925469e-01
   9.8236182e-02
   8.8174804e-02
   7.8973352e-02
   7.0542700e-02
   6.2801006e-02
   5.5672989e-02
   4.9089229e-02
   4.2985533e-02
   3.7302334e-02
   3.1984121e-02
   2.6978917e-02
   2.2237779e-02
   1.7714327e-02
   1.3364298e-02
   9.1451145e-03
   5.0154712e-03
   9.3493646e-04
  -3.1364439e-03
  -7.2385346e-03
  -1.1411500e-02
  -1.5696193e-02
  -2.0134557e-02
  -2.4770028e-02
  -2.9647959e-02
  -3.4816058e-02
  -4.0324848e-02
  -4.6228150e-02
  -5.2583601e-02
  -5.9453197e-02
  -6.6903875e-02
  -7.5008142e-02
  -8.3844736e-02
  -9.3499342e-02
  -1.0406535e-01
  -1.1564466e-01
  -1.2834855e-01
  -1.4229856e-01
  -1.5762744e-01
  -1.7448009e-01
  -1.9301452e-01
  -2.1340278e-01
  -2.3583184e-01
  -2.6050426e-01
  -2.8763873e-01
  -3.1747027e-01
  -3.5024983e-01
  -3.8624338e-01
  -4.2572984e-01
  -4.6899786e-01
  -5.1634074e-01
  -5.6804907e-01
  -6.2440036e-01
  -6.8564490e-01
  -7.5198700e-01
  -8.2356057e-01
  -9.0039840e-01
  -9.8239445e-01
  -1.0692593e+00
  -1.1604702e+00
  -1.2552175e+00
  -1.3523540e+00
  -1.4503538e+00
  -1.5472907e+00
  -1.6408510e+00
  -1.7283908e+00
  -1.8070500e+00
  -1.8739230e+00
  -1.9262793e+00
  -1.9618080e+00
  -1.9788522e+00
  -1.9765909e+00
  -1.9551341e+00
  -1.9155096e+00
  -1.8595455e+00
  -1.7896724e+00
  -1.7086831e+00
  -1.6194907e+00
  -1.5249183e+00
  -1.4275407e+00
  -1.3295848e+00
  -1.2328829e+00
  -1.1388702e+00
  -1.0486109e+00
  -9.6284297e-01
  -8.8203028e-01
  -8.0641514e-01
  -7.3606754e-01
  -6.7092800e-01
  -6.1084373e-01
  -5.5559773e-01
  -5.0493189e-01
